106
113
186
253
260
382
427
433
438
498
598
618
660
714
891
906
974
1084
1189
1285
1372
1385
1409
1479
1536
1539
1611
1630
1635
1736
1748
1767
1770
1831
1836
1865
1908
1990
2012
2016
2090
2227
2295
2319
2327
2395
2449
2490
2514
2540
2578
2706
2754
2869
2871
2923
2968
2977
2996
3145
3152
3171
3349
3353
3390
3444
3491
3520
3667
3673
3779
3781
3781
4069
4109
4187
4354
4359
4449
4521
4557
4588
4590
4628
4639
4785
4786
4852
5040
5117
5142
5166
5236
5328
5331
5335
5355
5363
5464
5493
5521
5548
0
1302108
1442702
1503301
1506234
1718881
2112506
2410405
2606705
2802007
2915502
2915908
2921817
3107000
3205054
3545803
4214103
4311981
5200275
5200913
5218806
FIM

