4628
3444
2968
1189
3779
438
2319
1539
3349
1865
660
714
4590
113
3520
974
3781
1385
2012
1611
1831
106
1409
891
1285
3152
5464
253
2395
2090
498
4588
427
1372
2977
4354
4449
3145
5117
4639
5363
260
2923
2514
382
906
2754
4786
2996
3171
5040
4852
1630
2578
5521
4785
4359
2540
1635
3673
433
2295
5142
5328
5335
618
1770
5236
186
2016
4109
2706
2871
4521
3491
5166
598
1748
1836
1990
2869
2490
3390
4069
5548
4557
3353
1767
1536
1908
5355
5331
4187
3781
2227
1479
3667
2327
2449
5493
1084
1736
0
35
I 136
I 42
I 48
I 129
I 111
I 106
I 100
I 131
I 19
I 40
I 91
I 137
I 87
R 1304401
R 1101450
R 1101559
R 1304005
I 33
I 151
I 164
I 55
R 1100908
I 20
I 14
I 43
I 18
I 44
I 6
I 4
I 95
R 1200609
R 1100122
R 0
R 0
R 0
1302108
1442702
1503301
1506234
1718881
2112506
2410405
2606705
2802007
2915502
2915908
2921817
3107000
3205054
3545803
4214103
4311981
5200275
5200913
5218806
FIM

