4628
3444
2968
1189
3779
438
2319
1539
3349
1865
660
714
4590
113
3520
974
3781
1385
2012
1611
1831
106
1409
891
1285
3152
5464
253
2395
2090
498
4588
427
1372
2977
4354
4449
3145
5117
4639
5363
260
2923
2514
382
906
2754
4786
2996
3171
5040
4852
1630
2578
5521
4785
4359
2540
1635
3673
433
2295
5142
5328
5335
618
1770
5236
186
2016
4109
2706
2871
4521
3491
5166
598
1748
1836
1990
2869
2490
3390
4069
5548
4557
3353
1767
1536
1908
5355
5331
4187
3781
2227
1479
3667
2327
2449
5493
1084
1736
0
35
II 136
IF 42
II 48
II 129
II 111
II 106
II 100
IF 131
II 19
II 40
II 91
IF 137
IF 87
R* 12
RI
RF
R* 13
I* 13 33
I* 14 151
II 164
II 55
RF
II 20
II 14
II 43
I* 20 18
I* 20 44
I* 21 6
I* 22 4
I* 23 95
R* 10
R* 10
R* 11
R* 12
R* 13

